12,5
59,10
59,3
59,9
54,4
0,317
0,307
48,4
67,3
0,429
77,3
0,270
0,374
0,269
0,268
0,419
0,267
0,418
0,266
0,417
0,265
0,264
0,415
0,263
0,262
0,413
0,259
0,428
0,258
0,412
0,257
0,411
0,255
0,408
0,251
0,362
0,229
0,351
0,218
0,205
0,204
0,203
0,202
0,201
0,200
0,199
0,331
0,198
0,197
0,196
0,328
0,195
0,327
0,194
0,326
0,193
0,325
0,192
0,323
0,63
0,62
0,321
0,61
0,60
0,319
0,59
0,318
0,58
0,57
0,441
0,56
0,402
0,55
0,401
0,54
0,315
0,53
0,314
0,52
0,313
0,51
0,312
0,50
0,311
0,49
0,310
0,48
0,309
0,47
0,308
0,46
0,45
0,301
0,6
0,261
0,414
0,260
0,435
0,304
0,303
0,12
0,11
0,10
0,8
0,256
125,5
125,1
0,440
125,3
0,254
0,434
0,253
0,409
0,252
0,427
0,250
0,426
0,249
0,407
57,6
0,248
0,433
0,247
0,406
0,246
0,425
0,245
0,405
0,244
0,424
0,242
0,404
0,241
0,423
41,5
124,5
124,4
0,240
0,403
128,3
128,4
131,3
128,6
53,3
0,239
0,372
57,3
50,3
0,238
0,371
0,237
0,370
0,236
0,369
0,235
0,368
0,234
0,367
0,233
0,366
0,232
0,365
0,231
0,364
0,230
0,363
106,4
0,228
0,361
0,227
0,360
0,226
0,359
0,225
0,358
0,224
0,357
0,223
0,356
0,222
0,355
0,221
0,354
0,220
109,1
109,7
0,353
96,3
0,338
0,337
0,336
0,334
0,333
0,332
0,330
66,3
0,219
0,352
0,217
0,350
0,216
0,349
0,215
0,348
0,214
0,347
100,3
0,213
93,6
0,346
0,212
0,345
0,211
0,344
0,210
0,343
0,209
0,342
93,3
0,208
0,207
0,340
0,339
0,206
109,4
0,445
0,444
12,13
0,443
12,8
0,442
40,4
40,3
40,2
40,1
40,0
39,5
39,4
39,3
39,2
39,1
39,0
38,7
38,6
38,5
38,4
38,3
38,2
38,1
38,0
37,5
37,4
37,3
37,2
37,1
37,0
34,3
34,2
34,1
34,0
31,4
31,3
31,2
31,1
31,0
30,4
30,3
30,2
30,1
30,0
16,3
16,2
16,1
16,0
14,4
14,3
14,2
14,1
14,0
13,4
13,3
13,2
13,1
13,0
12,12
12,11
12,10
12,9
12,7
12,6
12,4
12,3
12,2
12,1
12,0
11,4
11,3
11,2
11,1
11,0
9,4
9,3
9,2
9,1
9,0
8,5
8,4
8,3
8,2
8,1
8,0
5,3
5,2
5,1
5,0
4,3
2,14
2,13
2,12
2,11
2,10
2,9
2,8
2,7
2,6
2,5
2,4
2,3
2,2
2,1
2,0
1,3
0,436
0,432
0,410
0,324
0,243
0,9
0,0
0,1
0,439
0,400
0,300
0,399
0,299
0,398
0,298
0,397
0,297
0,437
0,296
0,396
0,295
0,395
0,294
0,394
0,293
0,393
0,292
0,392
0,291
0,422
0,290
0,391
0,289
0,390
0,288
0,389
0,287
0,388
0,286
0,387
0,285
0,421
0,284
0,386
0,283
0,385
0,282
0,384
0,281
0,383
0,280
0,382
0,279
0,430
0,278
0,381
0,277
0,380
0,276
0,379
0,275
0,378
0,274
0,377
0,273
0,420
0,272
0,376
0,271
0,375
41,0
41,1
41,3
41,4
41,6
41,7
43,0
43,2
43,3
43,5
45,0
45,2
45,4
46,0
46,2
46,3
47,1
47,2
48,0
48,2
48,3
48,5
48,6
49,1
49,3
49,4
50,1
50,2
50,4
53,0
53,2
53,4
54,0
54,2
54,3
54,5
57,1
57,2
57,4
57,5
57,7
59,0
59,2
59,4
59,5
59,7
59,8
60,1
60,2
61,0
61,1
61,3
63,1
63,2
63,4
63,5
65,0
65,1
65,3
65,5
65,6
66,1
66,2
66,4
67,0
67,1
69,0
69,2
69,3
70,0
70,2
70,3
70,5
71,0
71,2
71,4
71,5
72,0
72,1
72,3
73,0
73,2
73,4
73,5
74,1
74,2
74,4
75,0
75,1
75,3
76,0
76,2
76,4
77,0
77,2
78,1
78,2
78,4
79,1
79,2
79,4
79,5
79,7
79,9
80,0
80,2
80,3
81,0
81,1
81,3
82,1
82,2
82,4
82,5
82,7
84,1
84,2
84,4
84,5
85,0
85,1
85,3
89,0
89,1
89,3
89,4
92,1
92,3
92,4
93,1
93,2
93,4
93,5
93,7
96,1
96,2
96,4
100,0
100,2
100,4
101,0
101,2
101,3
101,5
102,1
102,2
102,4
102,5
103,0
103,1
103,3
103,5
103,6
104,1
104,2
104,4
105,1
105,2
105,4
106,0
106,2
106,3
107,0
107,2
107,3
107,5
107,6
109,0
109,2
109,3
109,5
109,6
113,1
113,2
113,4
114,1
114,2
114,4
115,0
115,2
115,4
116,0
116,2
116,3
116,5
117,0
117,1
117,3
117,4
120,0
120,1
120,3
121,0
121,1
121,3
122,0
122,2
122,5
123,0
123,2
123,3
123,5
124,0
124,2
125,2
125,4
125,6
125,7
126,1
126,2
128,0
128,1
128,5
130,1
130,2
130,4
130,6
131,0
131,2
132,1
132,2
132,4
133,1
133,2
133,4
133,5
133,6
133,3
133,0
132,3
132,0
131,1
130,5
130,3
130,0
128,2
126,3
126,0
125,0
124,3
124,1
123,4
123,1
122,3
122,1
121,2
120,4
120,2
117,5
117,2
116,6
116,4
116,1
115,3
115,1
114,3
114,0
113,3
113,0
107,7
107,4
107,1
106,1
105,3
105,0
104,3
104,0
103,4
103,2
102,6
102,3
102,0
101,4
101,1
100,1
96,0
93,0
92,2
92,0
89,2
85,4
85,2
84,6
84,3
84,0
82,6
82,3
82,0
81,2
80,4
80,1
79,8
79,6
79,3
79,0
78,3
78,0
77,1
76,3
76,1
75,2
74,5
74,3
74,0
73,3
73,1
72,2
71,6
71,3
71,1
70,4
70,1
69,4
69,1
67,2
66,5
66,0
65,4
65,2
63,6
63,3
63,0
61,2
60,3
60,0
59,6
59,1
57,0
54,1
53,1
50,0
49,2
49,0
48,1
47,3
47,0
46,1
45,3
45,1
43,4
43,1
41,8
41,2
0,373
0,5
0,306
0,305
0,302
0,431
0,438
0,4
0,2
0,3
0,7
